##FastQC	0.11.9
>>Basic Statistics	pass
#Measure	Value
Filename	paired_2.fq.gz
File type	Conventional base calls
Encoding	Sanger / Illumina 1.9
Total Sequences	20000
Sequences flagged as poor quality	0
Sequence length	50-301
%GC	41
>>END_MODULE
>>Per base sequence quality	warn
#Base	Mean	Median	Lower Quartile	Upper Quartile	10th Percentile	90th Percentile
1	31.4684	34.0	34.0	34.0	27.0	34.0
2	32.0541	34.0	34.0	34.0	24.0	34.0
3	33.21185	34.0	34.0	34.0	32.0	34.0
4	33.39465	34.0	34.0	34.0	34.0	34.0
5	33.56075	34.0	34.0	34.0	34.0	34.0
6	37.1124	38.0	38.0	38.0	36.0	38.0
7	36.7692	38.0	37.0	38.0	35.0	38.0
8	36.86595	38.0	37.0	38.0	35.0	38.0
9	37.1045	38.0	38.0	38.0	36.0	38.0
10-14	37.043130000000005	38.0	38.0	38.0	36.0	38.0
15-19	36.545190000000005	38.0	37.4	38.0	34.8	38.0
20-24	36.245349999999995	38.0	37.0	38.0	33.8	38.0
25-29	37.05758	38.0	38.0	38.0	36.0	38.0
30-34	36.95188	38.0	37.8	38.0	35.4	38.0
35-39	35.52867	38.0	36.8	38.0	30.6	38.0
40-44	36.08314	38.0	36.8	38.0	32.2	38.0
45-49	36.57734000000001	38.0	37.0	38.0	34.2	38.0
50-54	36.56544114431549	38.0	37.0	38.0	34.2	38.0
55-59	36.35587270704014	38.0	37.0	38.0	33.8	38.0
60-64	35.51438578141362	38.0	36.2	38.0	30.6	38.0
65-69	35.98120406279175	38.0	36.8	38.0	32.2	38.0
70-74	36.335495189803304	38.0	37.0	38.0	34.0	38.0
75-79	36.196858693844504	38.0	37.0	38.0	33.6	38.0
80-84	35.433208336335355	38.0	36.4	38.0	30.8	38.0
85-89	34.98845717348306	37.8	35.6	38.0	27.4	38.0
90-94	35.97528039241626	38.0	37.0	38.0	32.8	38.0
95-99	36.21780576680534	38.0	37.0	38.0	33.2	38.0
100-104	35.86523635273645	38.0	36.8	38.0	31.4	38.0
105-109	35.00690257465108	37.6	35.6	38.0	27.2	38.0
110-114	35.749024172805676	38.0	36.6	38.0	31.2	38.0
115-119	36.01245561952656	38.0	36.8	38.0	32.4	38.0
120-124	35.346288311404166	38.0	36.2	38.0	29.4	38.0
125-129	35.18459667864623	37.6	35.8	38.0	28.8	38.0
130-134	34.05905720011452	37.0	34.2	38.0	24.6	38.0
135-139	35.31804450862964	37.8	36.0	38.0	29.4	38.0
140-144	35.594080500500674	38.0	36.2	38.0	30.8	38.0
145-149	34.068883956285326	37.0	34.0	38.0	24.0	38.0
150-154	33.8226913760907	37.0	33.6	38.0	24.0	38.0
155-159	34.07097469308435	37.0	33.8	38.0	24.4	38.0
160-164	34.48043603127548	37.0	34.4	38.0	25.2	38.0
165-169	34.00494051520225	37.0	33.8	38.0	24.4	38.0
170-174	32.7088640025627	36.2	31.2	38.0	21.4	38.0
175-179	33.37312500965899	37.0	32.8	38.0	23.0	38.0
180-184	33.653326498134675	37.0	33.8	38.0	23.0	38.0
185-189	32.31700509942417	36.2	30.4	38.0	18.6	38.0
190-194	31.362655156457027	35.6	27.8	37.8	15.0	38.0
195-199	31.85532249294074	36.0	28.8	38.0	17.6	38.0
200-204	32.61080088079994	36.2	30.6	38.0	21.2	38.0
205-209	31.99977168403671	35.6	29.0	38.0	18.2	38.0
210-214	30.255729831422535	34.2	24.6	37.0	10.8	38.0
215-219	30.743826024093902	34.6	25.6	37.4	14.4	38.0
220-224	30.934846635880852	35.0	25.8	38.0	16.4	38.0
225-229	28.272971764914168	32.6	21.6	37.0	10.6	38.0
230-234	29.054888431872563	33.0	23.2	37.0	11.8	37.6
235-239	28.595788153617313	32.0	22.4	36.8	9.8	37.2
240-244	26.803716659265763	30.6	19.6	36.6	9.4	37.4
245-249	25.515313929250134	27.0	18.2	34.8	9.4	37.4
250-254	26.30378001205179	28.6	19.6	36.4	9.8	36.8
255-259	25.419571721664298	27.0	17.4	35.4	9.2	37.6
260-264	23.75298729630094	24.6	15.2	32.2	8.6	36.6
265-269	24.140173551672454	25.4	16.0	32.6	8.6	36.6
270-274	22.533325326196458	22.6	12.2	32.6	8.6	36.8
275-279	21.93536404594508	22.2	13.6	30.8	8.4	35.8
280-284	22.805722705244712	22.8	14.0	31.4	8.8	36.6
285-289	21.124837281796403	21.0	11.2	30.0	8.2	35.8
290-294	20.584365191380083	20.8	12.2	28.4	8.6	33.2
295-299	21.473238967085006	21.4	15.0	28.2	8.2	33.6
300-301	25.934246405276788	25.5	21.5	30.0	20.5	34.0
>>END_MODULE
>>Per tile sequence quality	pass
#Tile	Base	Mean
1101	1	0.0
1101	2	0.0
1101	3	0.0
1101	4	0.0
1101	5	0.0
1101	6	0.0
1101	7	0.0
1101	8	0.0
1101	9	0.0
1101	10-14	0.0
1101	15-19	0.0
1101	20-24	0.0
1101	25-29	0.0
1101	30-34	0.0
1101	35-39	0.0
1101	40-44	0.0
1101	45-49	0.0
1101	50-54	0.0
1101	55-59	0.0
1101	60-64	0.0
1101	65-69	0.0
1101	70-74	0.0
1101	75-79	0.0
1101	80-84	0.0
1101	85-89	0.0
1101	90-94	0.0
1101	95-99	0.0
1101	100-104	0.0
1101	105-109	0.0
1101	110-114	0.0
1101	115-119	0.0
1101	120-124	0.0
1101	125-129	0.0
1101	130-134	0.0
1101	135-139	0.0
1101	140-144	0.0
1101	145-149	0.0
1101	150-154	0.0
1101	155-159	0.0
1101	160-164	0.0
1101	165-169	0.0
1101	170-174	0.0
1101	175-179	0.0
1101	180-184	0.0
1101	185-189	0.0
1101	190-194	0.0
1101	195-199	0.0
1101	200-204	0.0
1101	205-209	0.0
1101	210-214	0.0
1101	215-219	0.0
1101	220-224	0.0
1101	225-229	0.0
1101	230-234	0.0
1101	235-239	0.0
1101	240-244	0.0
1101	245-249	0.0
1101	250-254	0.0
1101	255-259	0.0
1101	260-264	0.0
1101	265-269	0.0
1101	270-274	0.0
1101	275-279	0.0
1101	280-284	0.0
1101	285-289	0.0
1101	290-294	0.0
1101	295-299	0.0
1101	300-301	0.0
>>END_MODULE
>>Per sequence quality scores	pass
#Quality	Count
12	1.0
13	2.0
14	0.0
15	1.0
16	3.0
17	12.0
18	20.0
19	23.0
20	33.0
21	60.0
22	107.0
23	146.0
24	209.0
25	250.0
26	336.0
27	428.0
28	496.0
29	702.0
30	876.0
31	1080.0
32	1497.0
33	1892.0
34	2283.0
35	2532.0
36	2995.0
37	4016.0
>>END_MODULE
>>Per base sequence content	fail
#Base	G	A	T	C
1	37.19806763285024	24.990909563139578	14.331723027375201	23.479299776634978
2	13.232856066314996	23.396131625219795	42.41145440844009	20.959557900025118
3	16.736694677871146	29.561824729891956	32.32292917166867	21.37855142056823
4	11.62	19.905	42.19	26.284999999999997
5	12.02	38.11	38.625	11.245
6	26.255	41.52	20.119999999999997	12.105
7	22.275	33.195	28.485	16.045
8	21.435000000000002	37.81	24.69	16.064999999999998
9	23.785	17.385	25.585	33.245000000000005
10-14	22.360118005900294	26.010300515025754	30.628531426571325	21.001050052502627
15-19	20.360941674648384	30.877652870897816	28.011292030044864	20.750113424408934
20-24	20.40061509392243	29.541594218921176	29.78280752183483	20.274983165321565
25-29	20.451	29.421000000000003	29.639	20.488999999999997
30-34	20.714	29.5	28.98	20.806
35-39	20.77230629080419	29.61992003643909	29.189736322688397	20.418037350068325
40-44	20.595441309368407	29.287077015764634	29.220805301737123	20.896676373129832
45-49	20.668	29.022	29.372999999999998	20.937
50-54	20.953173401770407	29.405218995298295	29.18767731651813	20.45393028641317
55-59	20.91794018257931	29.635345740656682	29.033136631865634	20.41357744489837
60-64	20.658414430554988	29.10745551528971	29.403680931634025	20.830449122521273
65-69	20.75204803337913	29.500839566478398	29.095812344171375	20.6513000559711
70-74	20.797560451480205	29.368725888480707	29.037176509112488	20.796537150926596
75-79	21.120818591601598	29.05401920637049	28.85287837684508	20.97228382518283
80-84	21.015967603180933	29.16133364107514	28.74063660588766	21.08206214985627
85-89	20.760452274520116	29.54930318169866	28.929792269261114	20.760452274520116
90-94	20.892065731159136	29.170570463086754	29.247418230817008	20.689945574937102
95-99	21.26188784868372	29.031266234798924	28.967652328799076	20.739193587718276
100-104	20.99149354535351	29.7394631101992	28.825767290758314	20.44327605368898
105-109	21.20294431452004	29.40542521204022	28.533554623931717	20.858075849508023
110-114	20.793864604153995	29.10076475189015	29.138785087338142	20.966585556617712
115-119	20.6384004910773	29.03933003025387	29.213618625860484	21.108650852808346
120-124	20.810933637784455	29.11868051475886	29.42017579835286	20.65021004910383
125-129	20.98528039222301	29.149096470217817	28.749901606899886	21.11572153065929
130-134	20.882346223247527	29.64071172426395	28.995454649277086	20.48148740321144
135-139	21.079484733920918	29.07047562138745	28.916493340840926	20.933546303850704
140-144	20.619803476946334	29.336589336589334	29.10750625036339	20.936100936100935
145-149	20.5859084414741	29.36745031822315	29.07579496746921	20.970846272833544
150-154	20.297764373593758	29.440135956723633	29.076308104744125	21.185791564938484
155-159	20.840395138249963	29.5748389908479	28.703210498280956	20.88155537262118
160-164	20.804833421340245	29.38857711247283	29.111048346493433	20.695541119693488
165-169	20.8671443909016	29.325110484132733	28.90814211879853	20.899603006167137
170-174	20.411537287618273	29.557940787465665	28.59395665886662	21.436565266049445
175-179	21.027977081505185	28.99912249006349	28.98750838796263	20.985392040468692
180-184	20.45377093873699	29.717933258185443	29.179227724329564	20.649068078748
185-189	20.91373135923887	29.127692554385593	28.86979528569138	21.088780800684162
190-194	20.885465487495075	29.403214193530857	28.410156090801646	21.30116422817242
195-199	20.52447746299274	30.03686865886788	28.204524033930255	21.234129844209125
200-204	21.003759504762982	29.336857280153772	29.049947706136752	20.60943550894649
205-209	20.673369454987974	29.445426361081335	28.883319328948513	20.99788485498218
210-214	20.51635264841806	29.14000473989809	28.731188529446616	21.61245408223723
215-219	20.631620481379183	29.438188605942877	28.570127780981576	21.36006313169636
220-224	20.798057768924302	29.24707420318725	28.599663844621514	21.35520418326693
225-229	20.26614205972202	29.598707675575387	28.578283191785424	21.556867072917164
230-234	20.732823429430606	29.051447996339153	29.285153951755245	20.930574622474996
235-239	20.687916925713708	29.18858064624536	28.702972459798698	21.42052996824223
240-244	20.550096860329152	29.164557845686662	28.564198328068553	21.721146965915636
245-249	20.495888362820832	28.90249546117974	28.59634758463565	22.005268591363784
250-254	21.050899517332162	28.822948661693726	28.482887231241772	21.64326458973234
255-259	20.193289707606763	29.840753489427698	27.89650868101524	22.0694481219503
260-264	20.704982627768395	29.07082823812574	28.284710495157128	21.939478638948735
265-269	19.90010831628355	29.845147831668474	28.28057929153127	21.97416456051671
270-274	20.491121553624154	29.63155487170957	27.679128373601696	22.198195201064582
275-279	20.070377204651763	29.369609063210746	28.504913530446725	22.05510020169077
280-284	20.15776617439437	29.44445689442664	28.44049033009883	21.957286601080163
285-289	19.885336378342373	29.907698163478923	27.633457036825575	22.573508421353125
290-294	19.32223072659611	30.877035551215393	27.74156087518805	22.05917284700045
295-299	18.373944176022803	31.172442559699675	28.87830651048003	21.57530675379749
300-301	18.070095584888485	35.093309057806096	33.43195266272189	13.404642694583524
>>END_MODULE
>>Per sequence GC content	warn
#GC Content	Count
0	0.0
1	0.0
2	0.0
3	0.0
4	0.0
5	0.0
6	0.0
7	0.0
8	0.0
9	0.0
10	0.0
11	0.0
12	0.5
13	1.0
14	0.5
15	0.0
16	0.5
17	1.0
18	1.6666666666666665
19	2.1666666666666665
20	3.8333333333333335
21	4.833333333333334
22	6.083333333333334
23	10.666666666666666
24	18.666666666666668
25	24.5
26	38.58333333333333
27	52.916666666666686
28	63.750000000000036
29	67.66666666666667
30	81.33333333333333
31	130.41666666666646
32	193.00000000000023
33	291.83333333333366
34	394.41666666666475
35	492.499999999996
36	628.5833333333333
37	768.9166666666754
38	832.1666666666786
39	809.6666666666765
40	825.3333333333437
41	814.083333333343
42	757.3333333333401
43	744.8333333333401
44	739.3333333333403
45	697.2500000000042
46	646.9166666666679
47	590.4166666666656
48	501.5833333333276
49	401.16666666666424
50	304.2500000000003
51	221.58333333333414
52	158.4166666666667
53	110.49999999999984
54	82.49999999999997
55	60.25000000000002
56	46.916666666666686
57	33.58333333333332
58	19.91666666666666
59	15.833333333333337
60	13.083333333333337
61	9.416666666666666
62	5.333333333333333
63	2.6666666666666665
64	1.6666666666666665
65	1.1666666666666665
66	0.8333333333333333
67	0.3333333333333333
68	1.1666666666666665
69	1.0
70	0.5
71	0.5
72	0.8333333333333333
73	1.0
74	1.0
75	0.0
76	0.0
77	0.0
78	0.25
79	0.0
80	0.0
81	0.0
82	0.0
83	0.0
84	0.0
85	0.0
86	0.0
87	0.0
88	0.0
89	0.25
90	0.0
91	0.0
92	0.0
93	0.0
94	0.0
95	0.0
96	0.0
97	0.0
98	0.0
99	0.0
100	0.0
>>END_MODULE
>>Per base N content	pass
#Base	N-Count
1	3.7449999999999997
2	0.475
3	0.04
4	0.0
5	0.0
6	0.0
7	0.0
8	0.0
9	0.0
10-14	0.005
15-19	0.815
20-24	0.503
25-29	0.0
30-34	0.0
35-39	1.205
40-44	0.41000000000000003
45-49	0.0
50-54	0.05410550573618556
55-59	0.19932952795143608
60-64	0.5919794375689378
65-69	0.03153739724912509
70-74	0.0
75-79	0.09892521871747575
80-84	1.0864940590463343
85-89	0.6364700472388278
90-94	0.01368334631496958
95-99	0.0
100-104	0.019232002051413552
105-109	0.025858446553823283
110-114	0.0
115-119	0.0
120-124	0.0
125-129	0.27586206896551724
130-134	0.6106696935300794
135-139	0.0
140-144	0.0
145-149	0.14267185473411154
150-154	0.19946729094752935
155-159	0.0
160-164	0.0
165-169	0.07110867151536321
170-174	0.22585966247938077
175-179	0.06319237564643221
180-184	0.0
185-189	0.3037408078439731
190-194	0.014941186058515117
195-199	0.0
200-204	0.0
205-209	0.09552480750303942
210-214	0.004443457009553432
215-219	0.0
220-224	0.0
225-229	0.3283967542922731
230-234	0.022875069442175093
235-239	0.021839196317575513
240-244	1.0414148043245484
245-249	0.32820621995139
250-254	0.07672914611421681
255-259	0.5155415067359073
260-264	0.0
265-269	0.0
270-274	0.4038186750605728
275-279	0.01287222174547327
280-284	0.0
285-289	0.08794238585315999
290-294	0.0
295-299	0.0
300-301	0.0
>>END_MODULE
>>Sequence Length Distribution	warn
#Length	Count
50-54	91.0
55-59	103.0
60-64	104.0
65-69	110.0
70-74	131.0
75-79	132.0
80-84	144.0
85-89	128.0
90-94	141.0
95-99	137.0
100-104	151.0
105-109	158.0
110-114	147.0
115-119	203.0
120-124	195.0
125-129	221.0
130-134	220.0
135-139	198.0
140-144	234.0
145-149	227.0
150-154	201.0
155-159	241.0
160-164	242.0
165-169	281.0
170-174	252.0
175-179	261.0
180-184	223.0
185-189	283.0
190-194	306.0
195-199	265.0
200-204	316.0
205-209	318.0
210-214	334.0
215-219	321.0
220-224	312.0
225-229	302.0
230-234	332.0
235-239	329.0
240-244	320.0
245-249	309.0
250-254	314.0
255-259	337.0
260-264	316.0
265-269	331.0
270-274	318.0
275-279	363.0
280-284	458.0
285-289	669.0
290-294	1263.0
295-299	3400.0
300-302	3308.0
>>END_MODULE
>>Sequence Duplication Levels	pass
#Total Deduplicated Percentage	77.225
#Duplication Level	Percentage of deduplicated	Percentage of total
1	81.63807057300097	63.044999999999995
2	12.185173195208804	18.82
3	3.755260602136614	8.7
4	1.2366461638070572	3.82
5	0.556814503075429	2.15
6	0.29783101327290384	1.38
7	0.15539009388151506	0.84
8	0.11006798316607316	0.6799999999999999
9	0.019423761735189383	0.135
>10	0.04532211071544189	0.43
>50	0.0	0.0
>100	0.0	0.0
>500	0.0	0.0
>1k	0.0	0.0
>5k	0.0	0.0
>10k+	0.0	0.0
>>END_MODULE
>>Overrepresented sequences	pass
>>END_MODULE
>>Adapter Content	pass
#Position	Illumina Universal Adapter	Illumina Small RNA 3' Adapter	Illumina Small RNA 5' Adapter	Nextera Transposase Sequence	SOLID Small RNA Adapter
1	0.0	0.0	0.0	0.0	0.0
2	0.0	0.0	0.0	0.0	0.0
3	0.0	0.0	0.0	0.0	0.0
4	0.0	0.0	0.0	0.0	0.0
5	0.0	0.0	0.0	0.0	0.0
6	0.0	0.0	0.0	0.0	0.0
7	0.0	0.0	0.0	0.0	0.0
8	0.0	0.0	0.0	0.0	0.0
9	0.0	0.0	0.0	0.0	0.0
10-14	0.0	0.0	0.0	0.0	0.0
15-19	0.0	0.0	0.0	0.0	0.0
20-24	0.0	0.0	0.0	0.0	0.0
25-29	0.0	0.0	0.0	0.0	0.0
30-34	0.0	0.0	0.0	0.0	0.0
35-39	0.0	0.0	0.0	0.0	0.0
40-44	0.0	0.0	0.0	0.0	0.0
45-49	0.0	0.0	0.0	0.0	0.0
50-54	0.0	0.0	0.0	0.0	0.0
55-59	0.0	0.0	0.0	0.0	0.0
60-64	0.0	0.0	0.0	0.0	0.0
65-69	0.0	0.0	0.0	0.0	0.0
70-74	0.0	0.0	0.0	0.004	0.0
75-79	0.0	0.0	0.0	0.01	0.0
80-84	0.0	0.0	0.0	0.01	0.0
85-89	0.0	0.0	0.0	0.01	0.0
90-94	0.0	0.0	0.0	0.01	0.0
95-99	0.0	0.0	0.0	0.01	0.0
100-104	0.0	0.0	0.0	0.01	0.0
105-109	0.0	0.0	0.0	0.01	0.0
110-114	0.0	0.0	0.0	0.01	0.0
115-119	0.0	0.0	0.0	0.011	0.0
120-124	0.0	0.0	0.0	0.015	0.0
125-129	0.0	0.0	0.0	0.015	0.0
130-134	0.0	0.0	0.0	0.015	0.0
135-139	0.0	0.0	0.0	0.025	0.0
140-144	0.0	0.0	0.0	0.035	0.0
145-149	0.0	0.0	0.0	0.035	0.0
150-154	0.0	0.0	0.0	0.035	0.0
155-159	0.0	0.0	0.0	0.035	0.0
160-164	0.0	0.0	0.0	0.04	0.0
165-169	0.0	0.0	0.0	0.044	0.0
170-174	0.0	0.0	0.0	0.049	0.0
175-179	0.0	0.0	0.0	0.059	0.0
180-184	0.0	0.0	0.0	0.07400000000000001	0.0
185-189	0.0	0.0	0.0	0.086	0.0
190-194	0.0	0.0	0.0	0.091	0.0
195-199	0.0	0.0	0.0	0.121	0.0
200-204	0.0	0.0	0.0	0.16699999999999998	0.0
205-209	0.0	0.0	0.0	0.17699999999999996	0.0
210-214	0.0	0.0	0.0	0.192	0.0
215-219	0.0	0.0	0.0	0.21200000000000002	0.0
220-224	0.0	0.0	0.0	0.23200000000000004	0.0
225-229	0.0	0.0	0.0	0.26	0.0
230-234	0.0	0.0	0.0	0.29999999999999993	0.0
235-239	0.0	0.0	0.0	0.31500000000000006	0.0
240-244	0.0	0.0	0.0	0.34800000000000003	0.0
245-249	0.0	0.0	0.0	0.39999999999999997	0.0
250-254	0.0	0.0	0.0	0.449	0.0
255-259	0.0	0.0	0.0	0.511	0.0
260-264	0.0	0.0	0.0	0.607	0.0
265-269	0.0	0.0	0.0	0.659	0.0
270-274	0.0	0.0	0.0	0.7230000000000001	0.0
275-279	0.0	0.0	0.0	0.7929999999999999	0.0
280-284	0.0	0.0	0.0	0.8629999999999999	0.0
285-289	0.0	0.0	0.0	0.9260000000000002	0.0
290	0.0	0.0	0.0	0.935	0.0
>>END_MODULE
