##FastQC	0.11.9
>>Basic Statistics	pass
#Measure	Value
Filename	paired_1.fq.gz
File type	Conventional base calls
Encoding	Sanger / Illumina 1.9
Total Sequences	20000
Sequences flagged as poor quality	0
Sequence length	50-301
%GC	41
>>END_MODULE
>>Per base sequence quality	pass
#Base	Mean	Median	Lower Quartile	Upper Quartile	10th Percentile	90th Percentile
1	33.28265	34.0	34.0	34.0	33.0	34.0
2	33.68955	34.0	34.0	34.0	34.0	34.0
3	33.85705	34.0	34.0	34.0	34.0	34.0
4	33.8225	34.0	34.0	34.0	34.0	34.0
5	33.7071	34.0	34.0	34.0	34.0	34.0
6	37.51035	38.0	38.0	38.0	37.0	38.0
7	37.40845	38.0	38.0	38.0	37.0	38.0
8	37.225	38.0	38.0	38.0	36.0	38.0
9	37.3266	38.0	38.0	38.0	37.0	38.0
10-14	37.406490000000005	38.0	38.0	38.0	36.8	38.0
15-19	37.04903	38.0	37.8	38.0	35.8	38.0
20-24	37.41509	38.0	38.0	38.0	37.0	38.0
25-29	37.29442	38.0	38.0	38.0	36.4	38.0
30-34	36.918960000000006	38.0	37.6	38.0	35.4	38.0
35-39	36.99339	38.0	37.6	38.0	35.4	38.0
40-44	36.99955	38.0	37.6	38.0	35.6	38.0
45-49	37.10553	38.0	38.0	38.0	36.2	38.0
50-54	36.55254528991217	38.0	37.0	38.0	34.2	38.0
55-59	36.65447590601643	38.0	37.0	38.0	34.4	38.0
60-64	37.06053374332517	38.0	38.0	38.0	35.8	38.0
65-69	37.051739401768515	38.0	38.0	38.0	35.8	38.0
70-74	36.22800650201209	38.0	37.0	38.0	33.6	38.0
75-79	36.775034715984134	38.0	37.0	38.0	34.8	38.0
80-84	36.8022174501427	38.0	37.2	38.0	35.0	38.0
85-89	36.457528713119345	38.0	37.0	38.0	34.0	38.0
90-94	36.585685971839354	38.0	37.0	38.0	34.2	38.0
95-99	35.92173186840958	38.0	36.8	38.0	32.2	38.0
100-104	36.803147223226304	38.0	37.4	38.0	35.2	38.0
105-109	36.55148669494558	38.0	37.0	38.0	34.2	38.0
110-114	35.771132251952814	38.0	36.8	38.0	31.4	38.0
115-119	36.276711355352404	38.0	37.0	38.0	33.4	38.0
120-124	36.40202444446382	38.0	37.0	38.0	33.8	38.0
125-129	35.247826976612714	38.0	35.8	38.0	28.8	38.0
130-134	36.35688356317281	38.0	37.0	38.0	33.2	38.0
135-139	36.41908430796521	38.0	37.0	38.0	34.0	38.0
140-144	35.84399218516951	38.0	36.6	38.0	31.0	38.0
145-149	36.09430783977391	38.0	37.0	38.0	32.2	38.0
150-154	36.33022921203158	38.0	37.0	38.0	33.8	38.0
155-159	35.96324563130416	38.0	36.8	38.0	32.0	38.0
160-164	35.89164319712993	38.0	36.6	38.0	31.2	38.0
165-169	34.9003395350109	38.0	35.8	38.0	26.4	38.0
170-174	35.62339687502384	38.0	36.2	38.0	30.4	38.0
175-179	35.90433408506258	38.0	36.4	38.0	31.6	38.0
180-184	35.49002042878186	38.0	35.8	38.0	29.6	38.0
185-189	34.640564309566805	37.8	34.6	38.0	25.2	38.0
190-194	34.12319682777216	37.0	34.4	38.0	24.2	38.0
195-199	34.9663644423886	38.0	35.2	38.0	26.6	38.0
200-204	35.05303658228691	38.0	35.8	38.0	27.6	38.0
205-209	33.59422993965131	37.0	33.8	38.0	22.6	38.0
210-214	33.80041475012196	37.0	33.6	38.0	23.2	38.0
215-219	34.67673258325216	37.8	34.6	38.0	25.4	38.0
220-224	32.61064244028471	36.8	30.6	38.0	19.8	38.0
225-229	32.692850992720906	36.4	30.8	38.0	20.2	38.0
230-234	33.28540437095448	37.0	32.8	37.8	21.8	37.8
235-239	30.095450134271125	33.8	25.0	37.4	13.2	37.6
240-244	30.96066588778054	34.6	26.8	37.4	17.8	37.4
245-249	30.946161146463037	35.8	27.4	37.2	17.0	37.4
250-254	28.469581127958918	31.6	22.4	36.8	11.0	37.0
255-259	30.29232851371459	34.2	26.0	37.0	16.4	37.0
260-264	29.623927476341454	34.2	24.6	36.8	15.2	37.2
265-269	27.255073482682263	30.2	20.8	36.6	9.6	37.0
270-274	27.23694510100488	29.4	20.6	35.6	12.2	37.0
275-279	27.9664968889604	31.0	21.4	36.6	12.0	37.0
280-284	25.935593072694182	28.0	19.2	36.2	8.8	37.0
285-289	26.266967329347068	28.0	19.6	34.6	10.6	37.0
290-294	26.42613585011957	27.8	19.6	35.0	9.2	37.4
295-299	24.530524955915276	25.2	18.2	31.4	11.2	36.0
300-301	28.33107728384726	28.5	24.0	33.5	20.5	36.5
>>END_MODULE
>>Per tile sequence quality	pass
#Tile	Base	Mean
1101	1	0.0
1101	2	0.0
1101	3	0.0
1101	4	0.0
1101	5	0.0
1101	6	0.0
1101	7	0.0
1101	8	0.0
1101	9	0.0
1101	10-14	0.0
1101	15-19	0.0
1101	20-24	0.0
1101	25-29	0.0
1101	30-34	0.0
1101	35-39	0.0
1101	40-44	0.0
1101	45-49	0.0
1101	50-54	0.0
1101	55-59	0.0
1101	60-64	0.0
1101	65-69	0.0
1101	70-74	0.0
1101	75-79	0.0
1101	80-84	0.0
1101	85-89	0.0
1101	90-94	0.0
1101	95-99	0.0
1101	100-104	0.0
1101	105-109	0.0
1101	110-114	0.0
1101	115-119	0.0
1101	120-124	0.0
1101	125-129	0.0
1101	130-134	0.0
1101	135-139	0.0
1101	140-144	0.0
1101	145-149	0.0
1101	150-154	0.0
1101	155-159	0.0
1101	160-164	0.0
1101	165-169	0.0
1101	170-174	0.0
1101	175-179	0.0
1101	180-184	0.0
1101	185-189	0.0
1101	190-194	0.0
1101	195-199	0.0
1101	200-204	0.0
1101	205-209	0.0
1101	210-214	0.0
1101	215-219	0.0
1101	220-224	0.0
1101	225-229	0.0
1101	230-234	0.0
1101	235-239	0.0
1101	240-244	0.0
1101	245-249	0.0
1101	250-254	0.0
1101	255-259	0.0
1101	260-264	0.0
1101	265-269	0.0
1101	270-274	0.0
1101	275-279	0.0
1101	280-284	0.0
1101	285-289	0.0
1101	290-294	0.0
1101	295-299	0.0
1101	300-301	0.0
>>END_MODULE
>>Per sequence quality scores	pass
#Quality	Count
17	1.0
18	0.0
19	4.0
20	8.0
21	8.0
22	11.0
23	24.0
24	36.0
25	105.0
26	118.0
27	223.0
28	267.0
29	404.0
30	507.0
31	677.0
32	972.0
33	1227.0
34	1815.0
35	2707.0
36	4126.0
37	6760.0
>>END_MODULE
>>Per base sequence content	fail
#Base	G	A	T	C
1	36.91	25.509999999999998	14.185	23.395
2	12.905	22.634999999999998	42.745	21.715
3	16.38	29.39	32.315	21.915000000000003
4	11.67	20.294999999999998	42.18	25.855
5	11.684999999999999	37.695	38.865	11.755
6	26.340000000000003	41.055	20.7	11.905000000000001
7	22.564999999999998	32.605000000000004	28.655	16.175
8	21.47	37.665	25.040000000000003	15.825
9	23.5	17.82	25.89	32.79
10-14	22.087	25.982	30.867	21.064
15-19	20.286	31.102	27.881	20.730999999999998
20-24	20.493	28.988999999999997	30.03	20.488
25-29	20.424999999999997	29.443	29.708000000000002	20.424
30-34	20.787	29.355999999999998	29.206	20.651
35-39	20.666	29.402	29.627	20.305
40-44	21.005	29.238999999999997	29.112	20.644000000000002
45-49	20.617	28.927999999999997	29.323	21.132
50-54	20.729995789642523	29.387292740140747	29.332157106481944	20.55055436373479
55-59	21.188565444604432	29.27411315739128	28.99721083846022	20.54011055954407
60-64	20.87578538401611	28.788813905723565	29.684227566599553	20.651173143660774
65-69	20.677238559266005	29.54094658786911	28.897071538281576	20.88474331458331
70-74	20.706274814784496	29.317260857107776	29.273259383570053	20.703204944537678
75-79	20.99649629018961	29.285861500412203	28.866446826051114	20.851195383347072
80-84	20.686542073531395	29.04002407463136	29.127190843338486	21.14624300849876
85-89	20.862422139542662	29.070691024622718	29.048743781614483	21.018143054220143
90-94	20.8607877397217	29.10342504683915	29.40235353556617	20.633433677872976
95-99	20.979643765903308	29.181509754028838	29.197413061916876	20.641433418150974
100-104	20.743851101566342	29.27431245592666	28.881124858431097	21.100711584075903
105-109	20.839798293250585	29.341220584432374	29.066459787949317	20.752521334367728
110-114	20.44737847127503	29.08178296688308	29.590266790332258	20.88057177150963
115-119	20.73111914940261	28.9630603967993	29.260111805327192	21.0457086484709
120-124	20.88016849573218	29.11207183239109	29.700698370468903	20.307061301407824
125-129	20.889093812554822	29.205370999302758	28.755538561885697	21.14999662625672
130-134	21.088419929391197	29.302652938438662	29.117617009683165	20.491310122486976
135-139	21.05910622104186	28.97710941721565	29.323169960565192	20.640614401177295
140-144	20.851276798808165	29.326799972066386	29.24416303917689	20.577760189948556
145-149	20.44561407649551	29.403920365365778	28.968455338281977	21.182010219856735
150-154	20.29002833335326	29.070976843162338	29.392566380145134	21.246428443339273
155-159	20.920395598002617	29.242012895719206	28.93537596354293	20.90221554273525
160-164	20.7467040880387	29.40532023585312	29.063111636323352	20.78486403978483
165-169	20.884286199052372	29.18169592921689	29.27972651978836	20.65429135194239
170-174	20.95877691710866	29.15251650322433	28.919754264127906	20.968952315539106
175-179	20.73150242326333	29.39579967689822	28.841357027463648	21.0313408723748
180-184	20.27723241932721	29.765591029475708	28.997404240180252	20.959772311016827
185-189	21.017462102951416	29.04949381327334	29.032085275054904	20.90095880872034
190-194	21.017708176890622	28.894228800021843	28.958398754829812	21.129664268257716
195-199	20.762334335672126	29.429780599175853	28.65575231094777	21.152132754204253
200-204	20.775670596275415	28.999373540634434	29.51335497465687	20.71160088843328
205-209	20.714097804799625	29.053520797404342	29.214287802168894	21.01809359562714
210-214	20.843894438646192	29.421499925451023	29.144177724765168	20.590427911137617
215-219	20.437900402122228	28.9084598565815	29.478770086999067	21.174869654297204
220-224	21.004090270210515	29.287282260229624	28.625574453972614	21.083053015587247
225-229	20.699379582628314	29.046813310772702	28.872774151961973	21.381032954637018
230-234	20.686404234204435	29.159775057889515	28.999338405557396	21.154482302348658
235-239	20.548601955379002	29.51731931578857	28.69030700477715	21.24377172405527
240-244	20.96796803812995	29.06883016751945	28.434499193944067	21.528702600406532
245-249	20.387313756690293	29.616302618255464	28.536814696947783	21.459568928106464
250-254	21.15540019920693	28.92071188288136	28.680160117268986	21.243727800642727
255-259	20.872718854894092	29.05204676106331	28.702882055634866	21.372352328407732
260-264	20.738232170410598	29.32889806224075	28.928120553874514	21.00474921347414
265-269	20.426714590211894	29.57955447820454	28.555606636853764	21.438124294729803
270-274	20.559981002957496	29.611640006044514	28.761090602940225	21.06728838805777
275-279	20.102524900510378	29.707489264114034	28.913820626391168	21.27616520898442
280-284	20.144373872079125	29.83570440855931	28.691963344036374	21.327958375325192
285-289	20.48522125405775	29.594103146127747	28.6178028361524	21.302872763662105
290-294	19.90066482137776	29.81866156194221	28.708901363271856	21.57177225340818
295-299	19.90400568855179	30.783360986015644	28.416093861104525	20.89653946432804
300-301	16.449556541019955	43.070953436807095	28.547671840354766	11.931818181818182
>>END_MODULE
>>Per sequence GC content	warn
#GC Content	Count
0	0.0
1	0.0
2	0.0
3	0.0
4	0.0
5	0.0
6	0.0
7	0.0
8	0.0
9	0.0
10	0.0
11	0.0
12	0.0
13	0.5
14	1.0
15	0.5
16	0.5
17	1.0
18	0.5
19	1.0
20	2.0
21	2.5
22	4.5
23	7.0
24	12.166666666666666
25	17.500000000000004
26	32.74999999999999
27	49.000000000000014
28	55.916666666666686
29	62.33333333333336
30	83.16666666666661
31	131.83333333333317
32	187.50000000000026
33	255.5000000000009
34	367.7499999999988
35	495.7499999999963
36	631.6666666666675
37	725.5000000000047
38	796.6666666666745
39	802.2500000000074
40	837.6666666666764
41	812.2500000000086
42	740.2500000000048
43	721.0000000000047
44	726.1666666666719
45	725.0000000000051
46	675.8333333333358
47	580.5833333333323
48	511.83333333332797
49	382.499999999998
50	287.83333333333354
51	215.00000000000065
52	141.2499999999998
53	104.7499999999999
54	80.08333333333333
55	62.33333333333336
56	49.33333333333335
57	35.33333333333333
58	26.24999999999999
59	18.749999999999996
60	12.750000000000002
61	6.749999999999999
62	2.083333333333333
63	1.3333333333333333
64	1.5833333333333333
65	1.75
66	1.1666666666666665
67	1.9999999999999998
68	1.8333333333333333
69	1.25
70	0.5
71	0.0
72	0.0
73	0.5
74	0.5
75	0.0
76	0.0
77	0.0
78	0.0
79	0.0
80	0.0
81	0.0
82	0.0
83	0.0
84	0.0
85	0.0
86	0.0
87	0.0
88	0.0
89	0.0
90	0.0
91	0.0
92	0.0
93	0.0
94	0.0
95	0.0
96	0.0
97	0.0
98	0.0
99	0.3333333333333333
100	1.8333333333333333
>>END_MODULE
>>Per base N content	pass
#Base	N-Count
1	0.0
2	0.0
3	0.0
4	0.0
5	0.0
6	0.0
7	0.0
8	0.0
9	0.0
10-14	0.0
15-19	0.0
20-24	0.0
25-29	0.0
30-34	0.0
35-39	0.0
40-44	0.0
45-49	0.0
50-54	0.05109964430639747
55-59	0.019127773527161437
60-64	0.0
65-69	0.0
70-74	0.0
75-79	0.0
80-84	0.0
85-89	0.0
90-94	0.0
95-99	0.0
100-104	0.0
105-109	0.0
110-114	0.4421413983400686
115-119	0.0
120-124	0.011084016847705607
125-129	0.2725284584758594
130-134	0.0
135-139	0.0
140-144	0.0
145-149	0.0
150-154	0.0
155-159	0.0
160-164	0.08240676965462954
165-169	0.5685936367498937
170-174	0.06101513938145903
175-179	0.0
180-184	0.2536603317298846
185-189	0.18312325397992327
190-194	0.139068784511555
195-199	0.0
200-204	0.2216160927378111
205-209	0.430745947204517
210-214	0.044709388971684055
215-219	0.0
220-224	0.5668791809302471
225-229	0.10302805904795634
230-234	0.09583925443669652
235-239	0.5787923667500808
240-244	0.08578881944079697
245-249	0.2075100597268085
250-254	0.5699230136781523
255-259	0.0
260-264	0.16604649301804505
265-269	0.5775783262694257
270-274	0.0
275-279	0.3606792419015189
280-284	0.27346671652954374
285-289	0.0
290-294	0.018104696875646597
295-299	0.0
300-301	0.0
>>END_MODULE
>>Sequence Length Distribution	warn
#Length	Count
50-54	92.0
55-59	100.0
60-64	102.0
65-69	111.0
70-74	134.0
75-79	133.0
80-84	141.0
85-89	130.0
90-94	140.0
95-99	138.0
100-104	152.0
105-109	155.0
110-114	148.0
115-119	204.0
120-124	200.0
125-129	217.0
130-134	226.0
135-139	205.0
140-144	229.0
145-149	232.0
150-154	206.0
155-159	247.0
160-164	246.0
165-169	275.0
170-174	258.0
175-179	267.0
180-184	237.0
185-189	288.0
190-194	309.0
195-199	282.0
200-204	316.0
205-209	324.0
210-214	339.0
215-219	341.0
220-224	328.0
225-229	312.0
230-234	352.0
235-239	330.0
240-244	346.0
245-249	353.0
250-254	344.0
255-259	360.0
260-264	376.0
265-269	376.0
270-274	319.0
275-279	382.0
280-284	348.0
285-289	386.0
290-294	681.0
295-299	2271.0
300-302	5012.0
>>END_MODULE
>>Sequence Duplication Levels	pass
#Total Deduplicated Percentage	73.505
#Duplication Level	Percentage of deduplicated	Percentage of total
1	78.45044554792192	57.665
2	13.944629617032856	20.5
3	4.265015985307122	9.405
4	1.7141691041425753	5.04
5	0.8094687436228829	2.9749999999999996
6	0.40813550098632745	1.7999999999999998
7	0.1700564587443031	0.8750000000000001
8	0.07482484184749337	0.44
9	0.06122032514794912	0.40499999999999997
>10	0.10203387524658186	0.895
>50	0.0	0.0
>100	0.0	0.0
>500	0.0	0.0
>1k	0.0	0.0
>5k	0.0	0.0
>10k+	0.0	0.0
>>END_MODULE
>>Overrepresented sequences	pass
>>END_MODULE
>>Adapter Content	pass
#Position	Illumina Universal Adapter	Illumina Small RNA 3' Adapter	Illumina Small RNA 5' Adapter	Nextera Transposase Sequence	SOLID Small RNA Adapter
1	0.0	0.0	0.0	0.0	0.0
2	0.0	0.0	0.0	0.0	0.0
3	0.0	0.0	0.0	0.0	0.0
4	0.0	0.0	0.0	0.0	0.0
5	0.0	0.0	0.0	0.0	0.0
6	0.0	0.0	0.0	0.0	0.0
7	0.0	0.0	0.0	0.0	0.0
8	0.0	0.0	0.0	0.0	0.0
9	0.0	0.0	0.0	0.0	0.0
10-14	0.0	0.0	0.0	0.0	0.0
15-19	0.0	0.0	0.0	0.0	0.0
20-24	0.0	0.0	0.0	0.0	0.0
25-29	0.0	0.0	0.0	0.0	0.0
30-34	0.0	0.0	0.0	0.0	0.0
35-39	0.0	0.0	0.0	0.0	0.0
40-44	0.0	0.0	0.0	0.0	0.0
45-49	0.0	0.0	0.0	0.0	0.0
50-54	0.0	0.0	0.0	0.0	0.0
55-59	0.0	0.0	0.0	0.002	0.0
60-64	0.0	0.0	0.0	0.005	0.0
65-69	0.0	0.0	0.0	0.005	0.0
70-74	0.0	0.0	0.0	0.005	0.0
75-79	0.0	0.0	0.0	0.005	0.0
80-84	0.0	0.0	0.0	0.006	0.0
85-89	0.0	0.0	0.0	0.01	0.0
90-94	0.0	0.0	0.0	0.01	0.0
95-99	0.0	0.0	0.0	0.01	0.0
100-104	0.0	0.0	0.0	0.01	0.0
105-109	0.0	0.0	0.0	0.01	0.0
110-114	0.0	0.0	0.0	0.01	0.0
115-119	0.0	0.0	0.0	0.014000000000000002	0.0
120-124	0.0	0.0	0.0	0.015	0.0
125-129	0.0	0.0	0.0	0.019000000000000003	0.0
130-134	0.0	0.0	0.0	0.02	0.0
135-139	0.0	0.0	0.0	0.02	0.0
140-144	0.0	0.0	0.0	0.02	0.0
145-149	0.0	0.0	0.0	0.02	0.0
150-154	0.0	0.0	0.0	0.028000000000000004	0.0
155-159	0.0	0.0	0.0	0.034	0.0
160-164	0.0	0.0	0.0	0.035	0.0
165-169	0.0	0.0	0.0	0.035	0.0
170-174	0.0	0.0	0.0	0.035	0.0
175-179	0.0	0.0	0.0	0.04	0.0
180-184	0.0	0.0	0.0	0.04	0.0
185-189	0.0	0.0	0.0	0.041999999999999996	0.0
190-194	0.0	0.0	0.0	0.048	0.0
195-199	0.0	0.0	0.0	0.057999999999999996	0.0
200-204	0.0	0.0	0.0	0.063	0.0
205-209	0.0	0.0	0.0	0.066	0.0
210-214	0.0	0.0	0.0	0.079	0.0
215-219	0.0	0.0	0.0	0.081	0.0
220-224	0.0	0.0	0.0	0.094	0.0
225-229	0.0	0.0	0.0	0.126	0.0
230-234	0.0	0.0	0.0	0.14100000000000001	0.0
235-239	0.0	0.0	0.0	0.155	0.0
240-244	0.0	0.0	0.0	0.17	0.0
245-249	0.0	0.0	0.0	0.179	0.0
250-254	0.0	0.0	0.0	0.20400000000000001	0.0
255-259	0.0	0.0	0.0	0.267	0.0
260-264	0.0	0.0	0.0	0.296	0.0
265-269	0.0	0.0	0.0	0.337	0.0
270-274	0.0	0.0	0.0	0.381	0.0
275-279	0.0	0.0	0.0	0.42300000000000004	0.0
280-284	0.0	0.0	0.0	0.48900000000000005	0.0
285-289	0.0	0.0	0.0	0.517	0.0
290	0.0	0.0	0.0	0.52	0.0
>>END_MODULE
